0
22
29
0 1 101
1 2 109
2 3 97
3 4 105
4 5 108
5 6 32
6 7 119
7 8 97
8 9 115
9 10 32
10 11 109
11 12 101
12 13 97
13 14 110
14 15 116
15 16 32
16 17 102
17 18 111
18 19 114
19 20 32
20 21 64
21 22 97
21 22 98
21 22 99
21 22 100
21 22 101
21 22 102
21 22 103
21 22 104
21 22 105
21 22 106
21 22 107
21 22 108
21 22 109
21 22 110
21 22 111
21 22 112
21 22 113
21 22 114
21 22 115
21 22 116
21 22 117
21 22 118
21 22 119
21 22 120
21 22 121
21 22 122
22 22 0
22 22 1
22 22 2
22 22 3
22 22 4
22 22 5
22 22 6
22 22 7
22 22 8
22 22 9
22 22 11
22 22 12
22 22 13
22 22 14
22 22 15
22 22 16
22 22 17
22 22 18
22 22 19
22 22 20
22 22 21
22 22 22
22 22 23
22 22 24
22 22 25
22 22 26
22 22 27
22 22 28
22 22 29
22 22 30
22 22 31
22 22 32
22 22 33
22 22 34
22 22 35
22 22 36
22 22 37
22 22 38
22 22 39
22 22 40
22 22 41
22 22 42
22 22 43
22 22 44
22 22 45
22 22 46
22 22 47
22 22 48
22 22 49
22 22 50
22 22 51
22 22 52
22 22 53
22 22 54
22 22 55
22 22 56
22 22 57
22 22 58
22 22 59
22 22 60
22 22 61
22 22 62
22 22 63
22 22 64
22 22 65
22 22 66
22 22 67
22 22 68
22 22 69
22 22 70
22 22 71
22 22 72
22 22 73
22 22 74
22 22 75
22 22 76
22 22 77
22 22 78
22 22 79
22 22 80
22 22 81
22 22 82
22 22 83
22 22 84
22 22 85
22 22 86
22 22 87
22 22 88
22 22 89
22 22 90
22 22 91
22 22 92
22 22 93
22 22 94
22 22 95
22 22 96
22 22 97
22 22 98
22 22 99
22 22 100
22 22 101
22 22 102
22 22 103
22 22 104
22 22 105
22 22 106
22 22 107
22 22 108
22 22 109
22 22 110
22 22 111
22 22 112
22 22 113
22 22 114
22 22 115
22 22 116
22 22 117
22 22 118
22 22 119
22 22 120
22 22 121
22 22 122
22 22 123
22 22 124
22 22 125
22 22 126
22 22 127
22 23 194
22 23 195
22 23 196
22 23 197
22 23 198
22 23 199
22 23 200
22 23 201
22 23 202
22 23 203
22 23 204
22 23 205
22 23 206
22 23 207
22 23 208
22 23 209
22 23 210
22 23 211
22 23 212
22 23 213
22 23 214
22 23 215
22 23 216
22 23 217
22 23 218
22 23 219
22 23 220
22 23 221
22 23 222
22 23 223
22 24 224
22 25 225
22 25 226
22 25 227
22 25 228
22 25 229
22 25 230
22 25 231
22 25 232
22 25 233
22 25 234
22 25 235
22 25 236
22 25 238
22 25 239
22 26 237
22 27 240
22 28 241
22 28 242
22 28 243
22 29 244
23 22 128
23 22 129
23 22 130
23 22 131
23 22 132
23 22 133
23 22 134
23 22 135
23 22 136
23 22 137
23 22 138
23 22 139
23 22 140
23 22 141
23 22 142
23 22 143
23 22 144
23 22 145
23 22 146
23 22 147
23 22 148
23 22 149
23 22 150
23 22 151
23 22 152
23 22 153
23 22 154
23 22 155
23 22 156
23 22 157
23 22 158
23 22 159
23 22 160
23 22 161
23 22 162
23 22 163
23 22 164
23 22 165
23 22 166
23 22 167
23 22 168
23 22 169
23 22 170
23 22 171
23 22 172
23 22 173
23 22 174
23 22 175
23 22 176
23 22 177
23 22 178
23 22 179
23 22 180
23 22 181
23 22 182
23 22 183
23 22 184
23 22 185
23 22 186
23 22 187
23 22 188
23 22 189
23 22 190
23 22 191
24 23 160
24 23 161
24 23 162
24 23 163
24 23 164
24 23 165
24 23 166
24 23 167
24 23 168
24 23 169
24 23 170
24 23 171
24 23 172
24 23 173
24 23 174
24 23 175
24 23 176
24 23 177
24 23 178
24 23 179
24 23 180
24 23 181
24 23 182
24 23 183
24 23 184
24 23 185
24 23 186
24 23 187
24 23 188
24 23 189
24 23 190
24 23 191
25 23 128
25 23 129
25 23 130
25 23 131
25 23 132
25 23 133
25 23 134
25 23 135
25 23 136
25 23 137
25 23 138
25 23 139
25 23 140
25 23 141
25 23 142
25 23 143
25 23 144
25 23 145
25 23 146
25 23 147
25 23 148
25 23 149
25 23 150
25 23 151
25 23 152
25 23 153
25 23 154
25 23 155
25 23 156
25 23 157
25 23 158
25 23 159
25 23 160
25 23 161
25 23 162
25 23 163
25 23 164
25 23 165
25 23 166
25 23 167
25 23 168
25 23 169
25 23 170
25 23 171
25 23 172
25 23 173
25 23 174
25 23 175
25 23 176
25 23 177
25 23 178
25 23 179
25 23 180
25 23 181
25 23 182
25 23 183
25 23 184
25 23 185
25 23 186
25 23 187
25 23 188
25 23 189
25 23 190
25 23 191
26 23 128
26 23 129
26 23 130
26 23 131
26 23 132
26 23 133
26 23 134
26 23 135
26 23 136
26 23 137
26 23 138
26 23 139
26 23 140
26 23 141
26 23 142
26 23 143
26 23 144
26 23 145
26 23 146
26 23 147
26 23 148
26 23 149
26 23 150
26 23 151
26 23 152
26 23 153
26 23 154
26 23 155
26 23 156
26 23 157
26 23 158
26 23 159
27 25 144
27 25 145
27 25 146
27 25 147
27 25 148
27 25 149
27 25 150
27 25 151
27 25 152
27 25 153
27 25 154
27 25 155
27 25 156
27 25 157
27 25 158
27 25 159
27 25 160
27 25 161
27 25 162
27 25 163
27 25 164
27 25 165
27 25 166
27 25 167
27 25 168
27 25 169
27 25 170
27 25 171
27 25 172
27 25 173
27 25 174
27 25 175
27 25 176
27 25 177
27 25 178
27 25 179
27 25 180
27 25 181
27 25 182
27 25 183
27 25 184
27 25 185
27 25 186
27 25 187
27 25 188
27 25 189
27 25 190
27 25 191
28 25 128
28 25 129
28 25 130
28 25 131
28 25 132
28 25 133
28 25 134
28 25 135
28 25 136
28 25 137
28 25 138
28 25 139
28 25 140
28 25 141
28 25 142
28 25 143
28 25 144
28 25 145
28 25 146
28 25 147
28 25 148
28 25 149
28 25 150
28 25 151
28 25 152
28 25 153
28 25 154
28 25 155
28 25 156
28 25 157
28 25 158
28 25 159
28 25 160
28 25 161
28 25 162
28 25 163
28 25 164
28 25 165
28 25 166
28 25 167
28 25 168
28 25 169
28 25 170
28 25 171
28 25 172
28 25 173
28 25 174
28 25 175
28 25 176
28 25 177
28 25 178
28 25 179
28 25 180
28 25 181
28 25 182
28 25 183
28 25 184
28 25 185
28 25 186
28 25 187
28 25 188
28 25 189
28 25 190
28 25 191
29 25 128
29 25 129
29 25 130
29 25 131
29 25 132
29 25 133
29 25 134
29 25 135
29 25 136
29 25 137
29 25 138
29 25 139
29 25 140
29 25 141
29 25 142
29 25 143
